0
-0.5
361
589
589
4.14807e+06
0
-0.6
357
596
589
4.14807e+06
0
-0.7
352
598
589
4.14807e+06
0
-0.8
351
577
589
4.14807e+06
0
-0.9
356
531
589
4.14807e+06
0
-1
363
495
589
4.14807e+06
0
-1.1
358
471
589
4.14807e+06
0
-1.2
346
431
589
4.14807e+06
0
-1.3
339
400
589
4.14807e+06
0
-1.4
337
363
589
4.14807e+06
0
-1.5
320
321
589
4.14807e+06
0
-1.6
309
282
589
4.14807e+06
0
-1.7
299
231
589
4.14807e+06
0
-1.8
288
199
589
4.14807e+06
0
-1.9
278
171
589
4.14807e+06
0
-2
269
146
589
4.14807e+06
0
-2.1
258
115
589
4.14807e+06
0
-2.2
255
101
589
4.14807e+06
0
-2.3
248
82
589
4.14807e+06
0
-2.4
241
56
589
4.14807e+06
1
-0.5
333
520
589
4.14807e+06
1
-0.6
331
478
589
4.14807e+06
1
-0.7
324
452
589
4.14807e+06
1
-0.8
325
412
589
4.14807e+06
1
-0.9
317
392
589
4.14807e+06
1
-1
313
351
589
4.14807e+06
1
-1.1
308
330
589
4.14807e+06
1
-1.2
297
308
589
4.14807e+06
1
-1.3
292
274
589
4.14807e+06
1
-1.4
289
251
589
4.14807e+06
1
-1.5
284
224
589
4.14807e+06
1
-1.6
272
193
589
4.14807e+06
1
-1.7
265
165
589
4.14807e+06
1
-1.8
259
140
589
4.14807e+06
1
-1.9
250
129
589
4.14807e+06
1
-2
249
106
589
4.14807e+06
1
-2.1
235
92
589
4.14807e+06
1
-2.2
234
76
589
4.14807e+06
1
-2.3
228
60
589
4.14807e+06
1
-2.4
223
47
589
4.14807e+06
