0
-0.5
112
845
589
4.14807e+06
0
-0.6
112
838
589
4.14807e+06
0
-0.7
111
819
589
4.14807e+06
0
-0.8
106
800
589
4.14807e+06
0
-0.9
107
768
589
4.14807e+06
0
-1
101
741
589
4.14807e+06
0
-1.1
95
716
589
4.14807e+06
0
-1.2
91
698
589
4.14807e+06
0
-1.3
81
659
589
4.14807e+06
0
-1.4
76
605
589
4.14807e+06
0
-1.5
75
541
589
4.14807e+06
0
-1.6
74
487
589
4.14807e+06
0
-1.7
66
456
589
4.14807e+06
0
-1.8
61
428
589
4.14807e+06
0
-1.9
59
378
589
4.14807e+06
0
-2
53
340
589
4.14807e+06
0
-2.1
50
292
589
4.14807e+06
0
-2.2
47
271
589
4.14807e+06
0
-2.3
44
251
589
4.14807e+06
0
-2.4
42
235
589
4.14807e+06
1
-0.5
103
689
589
4.14807e+06
1
-0.6
104
650
589
4.14807e+06
1
-0.7
99
616
589
4.14807e+06
1
-0.8
98
583
589
4.14807e+06
1
-0.9
96
543
589
4.14807e+06
1
-1
92
524
589
4.14807e+06
1
-1.1
88
492
589
4.14807e+06
1
-1.2
84
464
589
4.14807e+06
1
-1.3
81
448
589
4.14807e+06
1
-1.4
81
413
589
4.14807e+06
1
-1.5
82
385
589
4.14807e+06
1
-1.6
77
363
589
4.14807e+06
1
-1.7
71
327
589
4.14807e+06
1
-1.8
71
307
589
4.14807e+06
1
-1.9
66
287
589
4.14807e+06
1
-2
61
269
589
4.14807e+06
1
-2.1
59
252
589
4.14807e+06
1
-2.2
59
225
589
4.14807e+06
1
-2.3
56
219
589
4.14807e+06
1
-2.4
55
201
589
4.14807e+06
