0
-0.5
101
880
589
4.14807e+06
0
-0.6
102
875
589
4.14807e+06
0
-0.7
101
846
589
4.14807e+06
0
-0.8
101
822
589
4.14807e+06
0
-0.9
99
781
589
4.14807e+06
0
-1
97
744
589
4.14807e+06
0
-1.1
96
705
589
4.14807e+06
0
-1.2
96
665
589
4.14807e+06
0
-1.3
88
631
589
4.14807e+06
0
-1.4
83
584
589
4.14807e+06
0
-1.5
76
534
589
4.14807e+06
0
-1.6
72
490
589
4.14807e+06
0
-1.7
69
448
589
4.14807e+06
0
-1.8
66
416
589
4.14807e+06
0
-1.9
65
381
589
4.14807e+06
0
-2
57
342
589
4.14807e+06
0
-2.1
53
300
589
4.14807e+06
0
-2.2
54
285
589
4.14807e+06
0
-2.3
50
268
589
4.14807e+06
0
-2.4
44
240
589
4.14807e+06
1
-0.5
94
818
589
4.14807e+06
1
-0.6
92
775
589
4.14807e+06
1
-0.7
94
751
589
4.14807e+06
1
-0.8
94
730
589
4.14807e+06
1
-0.9
90
709
589
4.14807e+06
1
-1
86
679
589
4.14807e+06
1
-1.1
81
661
589
4.14807e+06
1
-1.2
78
620
589
4.14807e+06
1
-1.3
74
584
589
4.14807e+06
1
-1.4
75
537
589
4.14807e+06
1
-1.5
74
508
589
4.14807e+06
1
-1.6
74
479
589
4.14807e+06
1
-1.7
66
442
589
4.14807e+06
1
-1.8
66
407
589
4.14807e+06
1
-1.9
66
369
589
4.14807e+06
1
-2
65
342
589
4.14807e+06
1
-2.1
60
313
589
4.14807e+06
1
-2.2
58
294
589
4.14807e+06
1
-2.3
59
272
589
4.14807e+06
1
-2.4
56
256
589
4.14807e+06
