0
-0.5
339
652
589
4.14807e+06
0
-0.6
339
648
589
4.14807e+06
0
-0.7
351
621
589
4.14807e+06
0
-0.8
343
609
589
4.14807e+06
0
-0.9
339
584
589
4.14807e+06
0
-1
341
546
589
4.14807e+06
0
-1.1
337
518
589
4.14807e+06
0
-1.2
327
491
589
4.14807e+06
0
-1.3
319
457
589
4.14807e+06
0
-1.4
299
430
589
4.14807e+06
0
-1.5
300
377
589
4.14807e+06
0
-1.6
291
333
589
4.14807e+06
0
-1.7
293
295
589
4.14807e+06
0
-1.8
272
261
589
4.14807e+06
0
-1.9
255
217
589
4.14807e+06
0
-2
254
189
589
4.14807e+06
0
-2.1
245
162
589
4.14807e+06
0
-2.2
234
134
589
4.14807e+06
0
-2.3
228
99
589
4.14807e+06
0
-2.4
214
71
589
4.14807e+06
1
-0.5
333
560
589
4.14807e+06
1
-0.6
334
523
589
4.14807e+06
1
-0.7
334
488
589
4.14807e+06
1
-0.8
330
454
589
4.14807e+06
1
-0.9
325
432
589
4.14807e+06
1
-1
325
397
589
4.14807e+06
1
-1.1
325
362
589
4.14807e+06
1
-1.2
311
345
589
4.14807e+06
1
-1.3
302
320
589
4.14807e+06
1
-1.4
295
289
589
4.14807e+06
1
-1.5
294
250
589
4.14807e+06
1
-1.6
286
218
589
4.14807e+06
1
-1.7
279
186
589
4.14807e+06
1
-1.8
270
157
589
4.14807e+06
1
-1.9
264
128
589
4.14807e+06
1
-2
250
103
589
4.14807e+06
1
-2.1
249
85
589
4.14807e+06
1
-2.2
240
70
589
4.14807e+06
1
-2.3
236
59
589
4.14807e+06
1
-2.4
230
48
589
4.14807e+06
