0
-0.5
96
895
589
4.14807e+06
0
-0.6
95
892
589
4.14807e+06
0
-0.7
97
875
589
4.14807e+06
0
-0.8
96
856
589
4.14807e+06
0
-0.9
96
827
589
4.14807e+06
0
-1
97
790
589
4.14807e+06
0
-1.1
96
759
589
4.14807e+06
0
-1.2
86
732
589
4.14807e+06
0
-1.3
81
695
589
4.14807e+06
0
-1.4
75
654
589
4.14807e+06
0
-1.5
74
603
589
4.14807e+06
0
-1.6
66
558
589
4.14807e+06
0
-1.7
65
523
589
4.14807e+06
0
-1.8
57
476
589
4.14807e+06
0
-1.9
51
421
589
4.14807e+06
0
-2
50
393
589
4.14807e+06
0
-2.1
45
362
589
4.14807e+06
0
-2.2
42
326
589
4.14807e+06
0
-2.3
39
288
589
4.14807e+06
0
-2.4
35
250
589
4.14807e+06
1
-0.5
100
793
589
4.14807e+06
1
-0.6
98
759
589
4.14807e+06
1
-0.7
97
725
589
4.14807e+06
1
-0.8
100
684
589
4.14807e+06
1
-0.9
100
657
589
4.14807e+06
1
-1
97
625
589
4.14807e+06
1
-1.1
96
591
589
4.14807e+06
1
-1.2
89
567
589
4.14807e+06
1
-1.3
85
537
589
4.14807e+06
1
-1.4
83
501
589
4.14807e+06
1
-1.5
83
461
589
4.14807e+06
1
-1.6
78
426
589
4.14807e+06
1
-1.7
75
390
589
4.14807e+06
1
-1.8
73
354
589
4.14807e+06
1
-1.9
71
321
589
4.14807e+06
1
-2
66
287
589
4.14807e+06
1
-2.1
62
272
589
4.14807e+06
1
-2.2
59
251
589
4.14807e+06
1
-2.3
56
239
589
4.14807e+06
1
-2.4
57
221
589
4.14807e+06
