0
-0.5
355
575
589
4.14807e+06
0
-0.6
352
558
589
4.14807e+06
0
-0.7
358
543
589
4.14807e+06
0
-0.8
349
533
589
4.14807e+06
0
-0.9
332
511
589
4.14807e+06
0
-1
337
478
589
4.14807e+06
0
-1.1
336
428
589
4.14807e+06
0
-1.2
327
392
589
4.14807e+06
0
-1.3
318
351
589
4.14807e+06
0
-1.4
309
304
589
4.14807e+06
0
-1.5
298
256
589
4.14807e+06
0
-1.6
291
210
589
4.14807e+06
0
-1.7
284
176
589
4.14807e+06
0
-1.8
275
138
589
4.14807e+06
0
-1.9
269
106
589
4.14807e+06
0
-2
259
84
589
4.14807e+06
0
-2.1
250
54
589
4.14807e+06
0
-2.2
237
39
589
4.14807e+06
0
-2.3
222
27
589
4.14807e+06
0
-2.4
215
15
589
4.14807e+06
1
-0.5
291
201
589
4.14807e+06
1
-0.6
283
161
589
4.14807e+06
1
-0.7
277
121
589
4.14807e+06
1
-0.8
275
100
589
4.14807e+06
1
-0.9
265
77
589
4.14807e+06
1
-1
264
55
589
4.14807e+06
1
-1.1
252
38
589
4.14807e+06
1
-1.2
254
24
589
4.14807e+06
1
-1.3
245
16
589
4.14807e+06
1
-1.4
230
9
589
4.14807e+06
1
-1.5
220
4
589
4.14807e+06
1
-1.6
209
5
589
4.14807e+06
1
-1.7
198
0
589
4.14807e+06
1
-1.8
186
0
589
4.14807e+06
1
-1.9
177
-1
589
4.14807e+06
1
-2
170
0
589
4.14807e+06
1
-2.1
154
-2
589
4.14807e+06
1
-2.2
145
-3
589
4.14807e+06
1
-2.3
140
-5
589
4.14807e+06
1
-2.4
129
-6
589
4.14807e+06
