0
-0.5
368
578
589
4.14807e+06
0
-0.6
360
578
589
4.14807e+06
0
-0.7
355
589
589
4.14807e+06
0
-0.8
351
576
589
4.14807e+06
0
-0.9
355
524
589
4.14807e+06
0
-1
349
491
589
4.14807e+06
0
-1.1
350
428
589
4.14807e+06
0
-1.2
331
413
589
4.14807e+06
0
-1.3
318
362
589
4.14807e+06
0
-1.4
310
335
589
4.14807e+06
0
-1.5
302
280
589
4.14807e+06
0
-1.6
302
236
589
4.14807e+06
0
-1.7
295
198
589
4.14807e+06
0
-1.8
286
153
589
4.14807e+06
0
-1.9
279
129
589
4.14807e+06
0
-2
272
108
589
4.14807e+06
0
-2.1
253
93
589
4.14807e+06
0
-2.2
244
74
589
4.14807e+06
0
-2.3
231
56
589
4.14807e+06
0
-2.4
227
34
589
4.14807e+06
1
-0.5
332
510
589
4.14807e+06
1
-0.6
329
497
589
4.14807e+06
1
-0.7
322
483
589
4.14807e+06
1
-0.8
318
455
589
4.14807e+06
1
-0.9
315
421
589
4.14807e+06
1
-1
311
392
589
4.14807e+06
1
-1.1
311
333
589
4.14807e+06
1
-1.2
312
296
589
4.14807e+06
1
-1.3
307
264
589
4.14807e+06
1
-1.4
301
245
589
4.14807e+06
1
-1.5
294
218
589
4.14807e+06
1
-1.6
291
194
589
4.14807e+06
1
-1.7
290
165
589
4.14807e+06
1
-1.8
290
146
589
4.14807e+06
1
-1.9
281
125
589
4.14807e+06
1
-2
276
109
589
4.14807e+06
1
-2.1
271
84
589
4.14807e+06
1
-2.2
263
72
589
4.14807e+06
1
-2.3
257
56
589
4.14807e+06
1
-2.4
243
52
589
4.14807e+06
