0
-0.5
358
581
589
4.14807e+06
0
-0.6
353
569
589
4.14807e+06
0
-0.7
346
581
589
4.14807e+06
0
-0.8
354
545
589
4.14807e+06
0
-0.9
361
506
589
4.14807e+06
0
-1
361
472
589
4.14807e+06
0
-1.1
343
462
589
4.14807e+06
0
-1.2
341
431
589
4.14807e+06
0
-1.3
336
398
589
4.14807e+06
0
-1.4
326
350
589
4.14807e+06
0
-1.5
316
310
589
4.14807e+06
0
-1.6
307
265
589
4.14807e+06
0
-1.7
294
223
589
4.14807e+06
0
-1.8
280
191
589
4.14807e+06
0
-1.9
276
161
589
4.14807e+06
0
-2
269
125
589
4.14807e+06
0
-2.1
262
103
589
4.14807e+06
0
-2.2
246
82
589
4.14807e+06
0
-2.3
236
59
589
4.14807e+06
0
-2.4
221
44
589
4.14807e+06
1
-0.5
350
571
589
4.14807e+06
1
-0.6
348
576
589
4.14807e+06
1
-0.7
346
561
589
4.14807e+06
1
-0.8
351
521
589
4.14807e+06
1
-0.9
352
499
589
4.14807e+06
1
-1
343
477
589
4.14807e+06
1
-1.1
337
450
589
4.14807e+06
1
-1.2
335
413
589
4.14807e+06
1
-1.3
330
374
589
4.14807e+06
1
-1.4
320
318
589
4.14807e+06
1
-1.5
312
264
589
4.14807e+06
1
-1.6
306
217
589
4.14807e+06
1
-1.7
283
196
589
4.14807e+06
1
-1.8
269
166
589
4.14807e+06
1
-1.9
262
127
589
4.14807e+06
1
-2
253
99
589
4.14807e+06
1
-2.1
248
77
589
4.14807e+06
1
-2.2
236
59
589
4.14807e+06
1
-2.3
226
47
589
4.14807e+06
1
-2.4
211
35
589
4.14807e+06
