0
-0.5
201
974
589
0
-0.6
199
932
589
0
-0.7
199
903
589
0
-0.8
199
833
589
0
-0.9
202
783
589
0
-1
209
710
589
0
-1.1
200
677
589
0
-1.2
200
625
589
0
-1.3
191
588
589
0
-1.4
184
529
589
0
-1.5
178
473
589
0
-1.6
173
416
589
0
-1.7
165
366
589
0
-1.8
144
332
589
0
-1.9
136
302
589
0
-2
128
267
589
0
-2.1
132
233
589
0
-2.2
127
201
589
0
-2.3
123
172
589
0
-2.4
110
155
589
1
-0.5
215
926
589
1
-0.6
209
893
589
1
-0.7
211
852
589
1
-0.8
206
789
589
1
-0.9
211
739
589
1
-1
207
699
589
1
-1.1
200
654
589
1
-1.2
198
599
589
1
-1.3
195
549
589
1
-1.4
183
482
589
1
-1.5
180
412
589
1
-1.6
174
361
589
1
-1.7
163
323
589
1
-1.8
148
289
589
1
-1.9
140
249
589
1
-2
136
216
589
1
-2.1
136
189
589
1
-2.2
124
171
589
1
-2.3
119
154
589
1
-2.4
107
139
589
