0
-0.5
103
827
589
4.14807e+06
0
-0.6
106
804
589
4.14807e+06
0
-0.7
104
797
589
4.14807e+06
0
-0.8
99
783
589
4.14807e+06
0
-0.9
94
749
589
4.14807e+06
0
-1
95
720
589
4.14807e+06
0
-1.1
89
675
589
4.14807e+06
0
-1.2
83
636
589
4.14807e+06
0
-1.3
77
592
589
4.14807e+06
0
-1.4
74
539
589
4.14807e+06
0
-1.5
67
487
589
4.14807e+06
0
-1.6
63
438
589
4.14807e+06
0
-1.7
59
401
589
4.14807e+06
0
-1.8
53
360
589
4.14807e+06
0
-1.9
48
327
589
4.14807e+06
0
-2
44
299
589
4.14807e+06
0
-2.1
41
263
589
4.14807e+06
0
-2.2
37
239
589
4.14807e+06
0
-2.3
33
216
589
4.14807e+06
0
-2.4
31
199
589
4.14807e+06
1
-0.5
68
424
589
4.14807e+06
1
-0.6
65
379
589
4.14807e+06
1
-0.7
65
333
589
4.14807e+06
1
-0.8
63
312
589
4.14807e+06
1
-0.9
58
284
589
4.14807e+06
1
-1
54
265
589
4.14807e+06
1
-1.1
55
235
589
4.14807e+06
1
-1.2
52
226
589
4.14807e+06
1
-1.3
46
215
589
4.14807e+06
1
-1.4
42
197
589
4.14807e+06
1
-1.5
38
186
589
4.14807e+06
1
-1.6
34
180
589
4.14807e+06
1
-1.7
31
167
589
4.14807e+06
1
-1.8
27
159
589
4.14807e+06
1
-1.9
25
151
589
4.14807e+06
1
-2
22
148
589
4.14807e+06
1
-2.1
22
130
589
4.14807e+06
1
-2.2
25
117
589
4.14807e+06
1
-2.3
23
112
589
4.14807e+06
1
-2.4
21
102
589
4.14807e+06
