0
-0.5
103
836
589
4.14807e+06
0
-0.6
100
822
589
4.14807e+06
0
-0.7
96
831
589
4.14807e+06
0
-0.8
99
800
589
4.14807e+06
0
-0.9
103
764
589
4.14807e+06
0
-1
108
725
589
4.14807e+06
0
-1.1
101
704
589
4.14807e+06
0
-1.2
104
668
589
4.14807e+06
0
-1.3
96
638
589
4.14807e+06
0
-1.4
85
591
589
4.14807e+06
0
-1.5
81
545
589
4.14807e+06
0
-1.6
76
496
589
4.14807e+06
0
-1.7
70
447
589
4.14807e+06
0
-1.8
60
411
589
4.14807e+06
0
-1.9
54
383
589
4.14807e+06
0
-2
52
342
589
4.14807e+06
0
-2.1
54
311
589
4.14807e+06
0
-2.2
52
276
589
4.14807e+06
0
-2.3
46
249
589
4.14807e+06
0
-2.4
35
230
589
4.14807e+06
1
-0.5
111
810
589
4.14807e+06
1
-0.6
108
816
589
4.14807e+06
1
-0.7
108
799
589
4.14807e+06
1
-0.8
107
765
589
4.14807e+06
1
-0.9
107
744
589
4.14807e+06
1
-1
107
713
589
4.14807e+06
1
-1.1
107
680
589
4.14807e+06
1
-1.2
104
644
589
4.14807e+06
1
-1.3
94
610
589
4.14807e+06
1
-1.4
86
552
589
4.14807e+06
1
-1.5
82
494
589
4.14807e+06
1
-1.6
81
442
589
4.14807e+06
1
-1.7
68
411
589
4.14807e+06
1
-1.8
60
375
589
4.14807e+06
1
-1.9
55
334
589
4.14807e+06
1
-2
54
298
589
4.14807e+06
1
-2.1
55
270
589
4.14807e+06
1
-2.2
49
246
589
4.14807e+06
1
-2.3
43
230
589
4.14807e+06
1
-2.4
35
211
589
4.14807e+06
