0
-0.5
106
840
589
4.14807e+06
0
-0.6
112
826
589
4.14807e+06
0
-0.7
105
839
589
4.14807e+06
0
-0.8
102
825
589
4.14807e+06
0
-0.9
104
775
589
4.14807e+06
0
-1
100
740
589
4.14807e+06
0
-1.1
102
676
589
4.14807e+06
0
-1.2
86
658
589
4.14807e+06
0
-1.3
82
598
589
4.14807e+06
0
-1.4
72
573
589
4.14807e+06
0
-1.5
69
513
589
4.14807e+06
0
-1.6
63
475
589
4.14807e+06
0
-1.7
59
434
589
4.14807e+06
0
-1.8
59
380
589
4.14807e+06
0
-1.9
58
350
589
4.14807e+06
0
-2
57
323
589
4.14807e+06
0
-2.1
51
295
589
4.14807e+06
0
-2.2
48
270
589
4.14807e+06
0
-2.3
44
243
589
4.14807e+06
0
-2.4
41
220
589
4.14807e+06
1
-0.5
99
743
589
4.14807e+06
1
-0.6
97
729
589
4.14807e+06
1
-0.7
96
709
589
4.14807e+06
1
-0.8
95
678
589
4.14807e+06
1
-0.9
90
646
589
4.14807e+06
1
-1
85
618
589
4.14807e+06
1
-1.1
83
561
589
4.14807e+06
1
-1.2
82
526
589
4.14807e+06
1
-1.3
78
493
589
4.14807e+06
1
-1.4
76
470
589
4.14807e+06
1
-1.5
72
440
589
4.14807e+06
1
-1.6
70
415
589
4.14807e+06
1
-1.7
68
387
589
4.14807e+06
1
-1.8
67
369
589
4.14807e+06
1
-1.9
64
342
589
4.14807e+06
1
-2
62
323
589
4.14807e+06
1
-2.1
60
295
589
4.14807e+06
1
-2.2
58
277
589
4.14807e+06
1
-2.3
57
256
589
4.14807e+06
1
-2.4
51
244
589
4.14807e+06
