0
-0.5
350
631
589
4.14807e+06
0
-0.6
345
632
589
4.14807e+06
0
-0.7
348
599
589
4.14807e+06
0
-0.8
351
572
589
4.14807e+06
0
-0.9
350
530
589
4.14807e+06
0
-1
348
493
589
4.14807e+06
0
-1.1
339
462
589
4.14807e+06
0
-1.2
333
428
589
4.14807e+06
0
-1.3
329
390
589
4.14807e+06
0
-1.4
322
345
589
4.14807e+06
0
-1.5
309
301
589
4.14807e+06
0
-1.6
298
264
589
4.14807e+06
0
-1.7
288
229
589
4.14807e+06
0
-1.8
277
205
589
4.14807e+06
0
-1.9
277
169
589
4.14807e+06
0
-2
267
132
589
4.14807e+06
0
-2.1
259
94
589
4.14807e+06
0
-2.2
252
87
589
4.14807e+06
0
-2.3
245
73
589
4.14807e+06
0
-2.4
231
53
589
4.14807e+06
1
-0.5
334
578
589
4.14807e+06
1
-0.6
333
534
589
4.14807e+06
1
-0.7
328
517
589
4.14807e+06
1
-0.8
325
499
589
4.14807e+06
1
-0.9
317
482
589
4.14807e+06
1
-1
314
451
589
4.14807e+06
1
-1.1
312
430
589
4.14807e+06
1
-1.2
308
390
589
4.14807e+06
1
-1.3
300
358
589
4.14807e+06
1
-1.4
295
317
589
4.14807e+06
1
-1.5
296
286
589
4.14807e+06
1
-1.6
288
265
589
4.14807e+06
1
-1.7
279
229
589
4.14807e+06
1
-1.8
275
198
589
4.14807e+06
1
-1.9
277
158
589
4.14807e+06
1
-2
272
135
589
4.14807e+06
1
-2.1
265
108
589
4.14807e+06
1
-2.2
259
93
589
4.14807e+06
1
-2.3
252
79
589
4.14807e+06
1
-2.4
249
63
589
4.14807e+06
