0
-0.5
120
830
589
4.14807e+06
0
-0.6
114
839
589
4.14807e+06
0
-0.7
110
840
589
4.14807e+06
0
-0.8
111
817
589
4.14807e+06
0
-0.9
114
773
589
4.14807e+06
0
-1
115
743
589
4.14807e+06
0
-1.1
109
720
589
4.14807e+06
0
-1.2
103
674
589
4.14807e+06
0
-1.3
91
648
589
4.14807e+06
0
-1.4
91
609
589
4.14807e+06
0
-1.5
83
558
589
4.14807e+06
0
-1.6
72
519
589
4.14807e+06
0
-1.7
70
460
589
4.14807e+06
0
-1.8
66
421
589
4.14807e+06
0
-1.9
64
385
589
4.14807e+06
0
-2
60
355
589
4.14807e+06
0
-2.1
55
318
589
4.14807e+06
0
-2.2
56
300
589
4.14807e+06
0
-2.3
54
276
589
4.14807e+06
0
-2.4
50
247
589
4.14807e+06
1
-0.5
92
761
589
4.14807e+06
1
-0.6
87
722
589
4.14807e+06
1
-0.7
85
691
589
4.14807e+06
1
-0.8
84
653
589
4.14807e+06
1
-0.9
80
629
589
4.14807e+06
1
-1
79
585
589
4.14807e+06
1
-1.1
79
559
589
4.14807e+06
1
-1.2
72
533
589
4.14807e+06
1
-1.3
70
496
589
4.14807e+06
1
-1.4
70
470
589
4.14807e+06
1
-1.5
69
439
589
4.14807e+06
1
-1.6
62
403
589
4.14807e+06
1
-1.7
60
370
589
4.14807e+06
1
-1.8
58
341
589
4.14807e+06
1
-1.9
56
323
589
4.14807e+06
1
-2
54
301
589
4.14807e+06
1
-2.1
49
278
589
4.14807e+06
1
-2.2
50
260
589
4.14807e+06
1
-2.3
47
241
589
4.14807e+06
1
-2.4
44
226
589
4.14807e+06
